0
2
1
4
4
5
6
9
16
11
17
18
18
20
19
22
19
24
19
26
22
26
24
28
25
30
27
30
29
36
32
36
33
41
33
42
36
47
39
49
40
51
45
51
48
51
51
51
54
52
57
56
59
60
59
65
64
68
66
70
69
72
70
73
71
75
78
78
81
78
82
81
86
84
89
88
89
91
90
92
91
95
92
96
95
99
95
99
95
99
97
103
99
104
100
104
103
105
103
105
107
106
108
108
109
109
114
110
114
113
115
113
116
114
116
114
118
118
124
119
124
120
124
122
125
122
130
124
130
126
131
133
134
135
137
136
139
138
140
138
142
144
142
149
144
151
153
152
154
152
155
155
156
159
157
159
158
161
160
162
161
165
165
166
165
173
166
176
169
176
172
176
174
178
175
180
176
181
177
184
182
184
182
185
183
185
184
189
187
193
189
194
193
196
196
200
196
201
197
206
197
206
198
207
205
207
206
209
209
209
209
211
209
214
211
214
211
215
214
216
216
217
217
217
218
218
219
219
219
219
220
224
224
225
228
226
228
228
231
230
233
231
234
234
234
235
241
236
243
238
248
241
249
242
251
247
252
249
252
249
255
251
255
253
259
254
260
255
260
256
261
263
262
264
264
265
264
267
270
267
275
269
277
272
279
272
281
275
284
275
287
280
287
283
288
283
288
287
289
287
293
290
294
292
297
296
300
298
300
299
301
301
304
304
305
306
306
308
307
313
308
313
309
315
312
318
315
319
318
320
320
320
323
321
327
322
328
323
329
326
335
328
338
331
339
333
339
336
341
337
341
339
346
345
349
346
350
351
352
352
354
355
356
362
356
363
357
363
364
363
364
367
364
368
365
369
370
371
370
372
374
373
375
377
378
379
379
380
380
384
380
384
382
389
385
390
386
391
386
392
387
392
388
394
391
394
392
395
392
395
394
395
394
397
395
398
398
398
400
400
406
402
406
404
411
405
414
408
416
411
417
412
418
412
418
413
419
417
421
418
422
422
424
424
427
425
427
426
427
426
431
428
431
431
438
431
444
432
445
449
452
453
456
457
456
463
458
464
459
464
466
464
470
466
470
467
471
469
472
472
472
473
479
478
481
480
481
480
484
482
486
484
494
486
494
486
494
491
494
492
495
495
496
496
497
499
498
501
501
501
505
502
507
505
507
510
509
512
509
516
513
517
515
522
517
523
518
524
520
525
521
525
523
527
525
527
527
529
529
531
530
532
533
536
535
537
535
537
536
538
537
542
537
542
540
547
543
549
543
550
551
553
556
556
557
558
561
559
562
561
562
565
563
565
565
565
566
566
569
568
572
570
575
572
575
573
577
574
577
580
577
585
577
587
579
588
582
589
583
590
588
591
590
592
591
592
594
601
594
601
595
603
597
605
599
606
600
607
601
608
601
609
604
610
618
612
618
618
619
623
626
625
626
626
626
632
633
633
635
636
637
636
637
638
638
638
639
641
641
643
642
645
644
646
648
646
649
646
650
647
651
653
653
653
654
657
656
659
659
660
659
662
663
662
663
667
667
668
667
672
672
673
673
674
677
678
679
678
686
679
687
681
687
682
688
685
688
686
688
686
690
688
690
691
692
691
697
692
697
696
701
697
703
700
707
700
710
702
710
702
715
707
716
709
717
712
721
712
724
715
724
717
725
722
728
722
730
724
730
729
730
735
731
737
732
739
733
743
735
744
738
744
744
746
744
747
745
748
746
751
752
751
755
760
757
760
759
763
763
763
765
765
767
766
769
768
771
775
779
775
779
783
780
785
782
785
782
786
784
786
784
787
787
787
788
787
789
788
791
788
793
788
796
789
798
795
799
796
806
797
809
798
812
802
812
811
812
814
813
817
816
819
817
819
820
820
820
823
822
823
824
823
825
824
826
825
826
825
827
828
828
829
828
830
829
835
832
838
835
840
836
840
837
847
843
848
843
849
844
849
846
850
849
856
851
857
853
860
855
864
858
865
860
869
860
871
862
872
865
872
868
873
872
875
874
878
876
884
877
885
885
886
886
887
887
889
888
895
897
896
898
899
898
901
900
901
900
902
900
905
900
906
901
908
901
908
906
913
906
914
909
915
919
916
920
917
923
918
925
920
927
921
927
923
931
925
932
927
933
928
933
930
933
931
938
932
942
942
943
943
944
946
947
948
950
951
951
954
951
956
956
958
959
958
965
960
968
963
968
965
969
968
972
969
976
969
978
971
979
976
980
977
985
980
985
981
987
983
988
985
989
992
992
994
992
996
995
997
996
999
