2
2
3
5
3
7
10
11
10
11
11
13
11
13
14
16
15
21
16
23
18
24
22
25
25
27
25
27
26
27
27
31
28
33
31
33
34
35
35
40
36
41
37
44
37
45
40
47
45
49
46
51
46
51
53
55
54
58
56
59
69
71
69
75
70
76
73
80
77
81
78
84
79
84
82
85
85
85
89
87
90
95
98
101
99
102
101
103
102
105
105
108
106
116
107
118
114
118
115
123
117
123
121
127
125
129
125
133
126
138
127
138
130
139
132
139
139
140
139
141
141
141
142
142
144
143
146
145
147
145
154
145
154
148
155
150
155
155
159
156
160
159
162
160
163
162
168
167
169
171
171
177
171
177
172
178
172
179
177
179
179
185
184
187
184
187
185
188
186
190
187
192
190
196
192
200
193
201
197
202
202
202
203
203
203
204
207
207
213
208
214
208
215
213
217
216
220
217
224
223
229
226
231
227
232
229
234
233
234
236
235
236
238
239
238
241
239
242
241
244
243
245
244
249
248
249
250
251
253
253
255
255
255
259
257
259
259
260
260
260
260
262
265
265
270
266
271
267
273
267
276
273
277
273
278
273
278
277
281
279
281
281
281
282
281
285
283
288
289
289
291
290
292
294
293
300
296
304
299
304
299
307
304
309
304
311
304
312
304
312
306
316
308
319
308
320
311
325
311
325
313
326
317
332
323
335
328
337
331
338
333
341
339
343
339
344
341
347
342
349
348
349
348
354
348
354
348
355
350
357
353
359
356
359
357
361
361
362
361
365
363
366
369
368
371
368
371
369
375
370
377
375
378
378
379
378
383
383
384
383
384
385
387
385
387
389
388
394
391
395
393
397
394
397
395
400
395
400
398
402
399
402
399
403
401
404
402
408
406
412
408
415
412
416
414
416
414
418
416
420
419
422
420
422
422
422
424
423
425
426
426
428
427
429
431
434
431
439
432
439
433
441
436
444
440
445
441
446
441
446
442
450
446
452
448
455
449
458
450
459
452
460
455
460
463
462
465
466
465
467
469
469
472
473
474
473
476
475
485
479
488
486
488
487
490
490
491
492
492
495
495
496
496
498
501
506
502
507
502
510
508
512
511
514
512
517
512
517
513
520
515
522
519
524
521
524
522
525
523
528
525
529
527
529
528
529
529
530
530
536
530
536
533
536
538
542
541
546
542
546
543
548
545
550
548
554
557
556
560
559
563
559
566
561
566
561
567
569
568
571
570
572
571
576
573
577
575
581
576
582
577
582
583
582
583
582
583
585
585
587
593
591
594
593
601
593
603
596
603
598
604
599
604
599
604
604
617
604
618
604
619
608
620
613
621
614
621
616
626
619
627
620
627
622
627
627
632
630
632
633
635
634
636
638
637
638
641
640
646
644
649
644
649
646
650
648
651
654
651
655
653
656
653
659
654
659
658
660
659
662
659
662
660
664
661
669
661
670
662
670
662
671
665
671
668
671
670
672
670
683
673
685
674
690
677
690
682
693
684
695
686
696
687
696
694
697
699
704
701
706
703
708
703
710
703
711
704
712
706
712
707
713
708
715
709
717
716
717
718
717
719
718
720
718
721
723
722
725
725
726
731
729
731
730
731
733
732
736
733
736
735
737
736
738
736
740
742
741
742
742
742
742
745
749
747
750
748
751
748
753
752
756
756
759
757
760
758
764
759
770
763
772
764
774
771
777
776
777
781
777
782
778
782
782
784
784
784
788
792
788
793
789
796
789
798
793
799
794
804
801
805
803
807
810
810
812
813
813
815
817
817
818
820
820
820
821
820
822
826
822
828
823
829
824
832
828
836
828
836
829
838
830
838
833
838
833
841
835
842
840
842
840
843
842
848
848
854
859
858
861
860
863
863
864
868
866
873
867
873
873
876
880
876
880
879
885
883
885
890
885
890
885
892
891
892
892
893
895
893
896
893
896
894
900
900
900
901
900
905
904
907
908
909
911
909
913
913
916
915
920
916
923
918
924
923
928
923
929
929
932
930
933
931
937
931
937
933
939
936
943
939
946
940
947
946
948
949
951
951
951
952
952
954
952
959
959
960
959
961
961
965
961
965
961
966
962
966
963
967
965
970
969
973
971
974
971
974
973
976
977
978
979
979
979
980
980
983
982
984
983
986
984
986
986
987
987
991
991
993
991
993
994
999
1001
1000
1003
1000
1007
1002
1009
1002
1009
1006
1011
1011
1012
1012
1012
1012
1013
1014
1014
1014
1015
1014
1016
1016
1017
1018
1017
1022
1023
1022
1025
1022
1026
1025
1027
1027
1029
1028
1030
1030
1033
1035
1036
1036
1037
1038
1037
1040
1037
1053
1040
1054
1044
1056
1049
1060
1052
1060
1053
1061
1055
1064
1059
1066
1059
1070
1062
1070
1062
1070
1066
1070
1067
1071
1070
1072
1072
1074
1073
1075
1076
1076
1076
1079
1080
1082
1080
1083
1082
1083
1082
1084
1086
1086
1086
1086
1086
1086
1091
1086
1092
1092
1097
1096
1102
1096
1106
1100
1109
1103
1110
1108
1111
1109
1113
1113
1116
1118
1117
1118
1119
1120
1122
1125
1123
1127
1126
1131
1127
1133
1127
1135
1129
1138
1130
1141
1132
1144
1133
1145
1134
1147
1138
1149
1140
1150
1142
1152
1150
1153
1151
1154
1155
1156
1158
1161
1159
1161
1166
1166
1167
1168
1169
1169
1171
1169
1172
1169
1173
1173
1178
1174
1181
1176
1182
1177
1185
1183
1186
1185
1192
1187
1194
1187
1195
1189
1198
1198
1199
1198
1200
1202
1200
1203
1203
1209
1204
1211
1213
1213
1216
1213
1217
1214
1219
1218
1220
1222
1221
1223
1221
1225
1223
1226
1225
1226
1226
1228
1229
1233
1230
1234
1231
1234
1234
1235
1236
1235
1239
1245
1240
1246
1243
1248
1244
1248
1244
1248
1245
1249
1248
1250
1251
1250
1251
1252
1252
1256
1254
1258
1258
1262
1265
1263
1265
1263
1266
1266
1267
1268
1272
1269
1274
1270
1274
1270
1276
1275
1276
1275
1277
1277
1278
1278
1279
1282
1281
1283
1282
1286
1282
1290
1284
1295
1285
1296
1291
1297
1294
1297
1298
1297
1298
1299
1299
1301
1300
1303
1301
1308
1303
1310
1305
1310
1306
1311
1306
1312
1307
1313
1311
1314
1311
1314
1311
1315
1314
1315
1315
1316
1316
1316
1316
1319
1316
1323
1321
1324
1323
1325
1325
1331
1331
1333
1332
1334
1333
1334
1333
1335
1336
1335
1337
1338
1345
1338
1345
1341
1349
1343
1351
1345
1353
1346
1354
1347
1355
1348
1356
1348
1360
1356
1360
1357
1362
1358
1362
1358
1362
1362
1364
1365
1364
1365
1365
1372
1371
1373
1372
1375
1372
1376
1378
1379
1379
1379
1380
1380
1383
1380
1386
1381
1390
1387
1390
1387
1392
1388
1393
1389
1394
1396
1394
1396
1397
1400
1400
1401
1401
1402
1403
1405
1403
1405
1404
1406
1406
1406
1407
1407
1407
1407
1409
1408
1412
1410
1413
1412
1413
1415
1421
1416
1422
1416
1422
1418
1425
1418
1435
1422
1438
1430
1438
1432
1439
1433
1441
1441
1445
1447
1447
1448
1448
1449
1448
1451
1448
1451
1455
1456
1461
1464
1461
1464
1465
1464
1467
1465
1470
1470
1471
1470
1475
1470
1476
1473
1479
1474
1482
1475
1483
1481
1485
1483
1485
1483
1486
1484
1490
1485
1491
1492
1495
1492
1497
1492
1501
1496
1502
1502
1507
1504
1510
1504
1510
1505
1512
1505
1514
1506
1514
1517
1514
1521
1517
1522
1521
1522
1525
1527
1529
1527
1530
1529
1532
1530
1534
1531
1537
1532
1537
1533
1541
1537
1542
1539
1543
1540
1544
1542
1544
1543
1545
1545
1548
1548
1550
1552
1554
1553
1557
1556
1557
1557
1564
1560
1564
1560
1564
1561
1566
1562
1566
1563
1568
1564
1569
1567
1572
1572
1572
1572
1572
1573
1572
1581
1573
1582
1574
1582
1575
1583
1576
1585
1581
1585
1586
1586
1591
1589
1591
1590
1591
1592
1591
1594
1594
1595
1595
1596
1597
1598
1598
1602
1603
1602
1603
1603
1604
1603
1605
1605
1605
1605
1608
1606
1608
1611
1611
1611
1615
1613
1619
1613
1626
1618
1626
1627
1626
1631
1627
1634
1629
1641
1630
1641
1631
1642
1638
1646
1641
1648
1644
1648
1646
1648
1654
1651
1655
1655
1658
1658
1666
1660
1671
1670
1672
1674
1673
1676
1673
1677
1674
1678
1679
1682
1679
1688
1684
1689
1690
1690
1693
1692
1693
1694
1695
1695
1698
1695
1701
1696
1702
1700
1704
1701
1706
1701
1708
1705
1711
1707
1714
1708
1716
1709
1718
1710
1719
1717
1723
1722
1729
1723
1733
1724
1734
1730
1734
1736
1735
1736
1737
1738
1742
1739
1742
1744
1750
1745
1751
1749
1753
1751
1754
1752
1758
1753
1758
1754
1759
1756
1761
1756
1762
1761
1762
1763
1763
1767
1764
1767
1764
1769
1765
1771
1767
1771
1768
1773
1770
1779
1778
1779
1781
1786
1787
1791
1791
1793
1791
1794
1793
1794
1794
1795
1796
1798
1797
1799
1799
1804
1801
1807
1805
1809
1807
1809
1808
1811
1808
1812
1808
1812
1816
1812
1817
1814
1821
1819
1821
1820
1822
1821
1824
1824
1825
1824
1825
1825
1830
1833
1831
1833
1832
1834
1837
1836
1839
1840
1839
1848
1842
1848
1843
1848
1843
1849
1844
1852
1847
1852
1848
1852
1849
1852
1849
1854
1851
1857
1856
1857
1857
1858
1858
1862
1860
1863
1861
1864
1864
1865
1868
1868
1870
1870
1870
1871
1872
1873
1873
1873
1876
1877
1877
1877
1882
1879
1883
1882
1883
1882
1883
1883
1891
1889
1891
1890
1892
1890
1893
1891
1899
1892
1901
1895
1901
1896
1902
1896
1902
1901
1906
1904
1907
1904
1910
1907
1911
1907
1913
1909
1914
1909
1914
1911
1915
1917
1916
1920
1917
1921
1919
1924
1920
1927
1923
1927
1924
1929
1926
1930
1932
1930
1933
1932
1936
1933
1938
1938
1939
1938
1939
1940
1945
1940
1947
1941
1948
1943
1953
1945
1954
1949
1955
1950
1957
1950
1965
1953
1966
1958
1968
1959
1969
1962
1970
1965
1974
1969
1975
1969
1976
1971
1987
1972
1987
1974
1987
1979
1991
1982
1997
1982
1997
1985
1997
1987
1998
1991
2000
1992
2005
1995
2007
1998
2011
2009
2012
2009
2015
2009
2017
2012
2018
2013
2019
2014
2023
2015
2024
2016
2024
2016
2025
2017
2025
2018
2025
2019
2027
2029
2027
2029
2029
2035
2029
2035
2033
2037
2034
2038
2034
2040
2035
2041
2036
2045
2037
2047
2039
2049
2039
2050
2040
2051
2048
2053
2052
2061
2060
2062
2061
2064
2063
2066
2064
2068
2064
2072
2065
2077
2068
2080
2076
2081
2076
2081
2077
2082
2077
2086
2079
2088
2080
2088
2082
2089
2083
2090
2086
2092
2086
2092
2087
2093
2092
2094
2094
2096
2095
2098
2096
2099
2097
2101
2100
2101
2105
2103
2110
2104
2112
2109
2113
2112
2115
2115
2116
2116
2118
2119
2119
2119
2126
2121
2127
2122
2130
2127
2131
2129
2138
2131
2139
2134
2140
2140
2140
2145
2141
2147
2142
2152
2144
2154
2149
2154
2150
2160
2151
2160
2152
2169
2161
2170
2162
2172
2166
2175
2166
2175
2166
2181
2168
2181
2172
2183
2175
2185
2176
2186
2180
2186
2182
2187
2185
2188
2186
2188
2188
2191
2191
2195
2191
2196
2192
2197
2192
2198
2192
2200
2193
2200
2198
2202
2199
2203
2200
2204
2202
2205
2202
2206
2205
2207
2209
2210
2210
2211
2213
2213
2214
2215
2214
2215
2215
2215
2216
2215
2217
2216
2217
2221
2219
2222
2219
2223
2220
2224
2223
2224
2224
2232
2225
2232
2230
2237
2231
2243
2231
2243
2232
2245
2238
2246
2243
2246
2244
2247
2245
2248
2252
2249
2252
2251
2255
2255
2257
2257
2257
2260
2257
2266
2258
2266
2261
2267
2261
2269
2262
2269
2263
2272
2264
2272
2266
2277
2270
2279
2270
2289
2276
2289
2284
2289
2287
2299
2288
2302
2290
2305
2290
2307
2294
2309
2302
2311
2308
2311
2308
2312
2310
2314
2312
2314
2313
2314
2313
2316
2313
2322
2320
2323
2320
2323
2324
2328
2327
2329
2327
2332
2330
2333
2331
2337
2332
2337
2333
2339
2335
2339
2335
2342
2336
2342
2337
2343
2339
2345
2342
2348
2350
2349
2352
2349
2358
2350
2359
2356
2359
2359
2361
2364
2361
2365
2366
2371
2368
2374
2370
2374
2370
2374
2375
2374
2375
2378
2375
2378
2377
2378
2378
2379
2384
2382
2387
2384
2390
2387
2391
2388
2393
2388
2394
2389
2394
2391
2398
2391
2400
2395
2401
2402
2402
2407
2403
2409
2404
2411
2407
2415
2408
2418
2411
2420
2413
2421
2413
2422
2413
2423
2413
2425
2418
2425
2423
2426
2423
2426
2427
2426
2427
2428
2429
2428
2431
2429
2432
2429
2432
2432
2434
2433
2437
2435
2438
2436
2439
2440
2441
2441
2442
2442
2444
2446
2445
2447
2446
2447
2447
2449
2448
2451
2455
2454
2456
2455
2457
2456
2463
2458
2464
2463
2465
2465
2466
2468
2468
2469
2469
2469
2470
2470
2472
2471
2475
2476
2478
2484
2479
2486
2483
2486
2484
2486
2487
2488
2492
2490
2493
2492
2495
2497
2496
2497
2497
2497
2503
2499
2504
2502
2504
2503
2504
2505
2505
2506
2505
2507
2506
2513
2506
2513
2508
2514
2511
2517
2512
2517
2513
2517
2513
2517
2515
2517
2518
2520
2520
2522
2520
2523
2524
2523
2524
2525
2525
2525
2528
2527
2528
2529
2530
2533
2531
2533
2536
2538
2540
2538
2543
2541
2544
2543
2545
2543
2546
2545
2548
2547
2548
2548
2549
2551
2553
2552
2554
2556
2554
2559
2556
2565
2560
2566
2562
2567
2564
2568
2567
2571
2567
2571
2574
2572
2575
2574
2575
2574
2581
2575
2583
2576
2585
2579
2588
2583
2588
2585
2588
2588
2591
2588
2592
2595
2598
2595
2602
2601
2602
2602
2603
2603
2607
2604
2611
2607
2611
2607
2613
2618
2614
2619
2616
2621
2618
2621
2618
2622
2620
2624
2620
2625
2622
2625
2622
2626
2623
2626
2626
2630
2628
2631
2631
2633
2633
2636
2634
2637
2642
2638
2642
2641
2643
2641
2645
2644
2649
2644
2650
2644
2651
2645
2655
2646
2656
2652
2669
2652
2672
2652
2672
2655
2672
2656
2673
2657
2674
2661
2675
2663
2675
2663
2676
2664
2678
2672
2680
2675
2680
2676
2681
2678
2685
2679
2687
2683
2687
2683
2688
2685
2689
2686
2695
2687
2696
2693
2696
2696
2697
2697
2698
2697
2698
2698
2701
2699
2702
2702
2702
2704
2703
2704
2703
2707
2705
2709
2708
2710
2711
2712
2716
2716
2718
2716
2718
2720
2718
2720
2719
2720
2721
2721
2721
2722
2723
2725
2725
2726
2726
2727
2728
2731
2731
2731
2732
2735
2733
2736
2735
2737
2737
2739
2739
2740
2739
2740
2741
2748
2748
2748
2750
2752
2752
2753
2754
2754
2754
2758
2757
2758
2757
2759
2757
2759
2759
2761
2760
2761
2762
2764
2763
2766
2764
2768
2766
2769
2767
2770
2770
2771
2770
2774
2772
2775
2774
2778
2775
2778
2778
2778
2783
2779
2784
2780
2785
2780
2786
2786
2788
2789
2790
2794
2792
2795
2798
2804
2800
2806
2802
2809
2805
2809
2809
2812
2811
2813
2812
2813
2813
2818
2814
2818
2820
2820
2824
2822
2825
2823
2826
2826
2826
2828
2827
2828
2835
2830
2835
2830
2835
2830
2837
2836
2840
2838
2842
2839
2842
2842
2845
2845
2845
2848
2846
2849
2846
2850
2848
2851
2848
2851
2849
2852
2849
2854
2852
2855
2855
2856
2855
2858
2856
2858
2857
2859
2860
2861
2861
2861
2862
2868
2865
2868
2867
2868
2868
2871
2871
2875
2878
2876
2878
2877
2879
2879
2882
2880
2884
2881
2886
2886
2887
2888
2888
2891
2892
2892
2893
2893
2895
2893
2896
2895
2899
2904
2904
2916
2907
2917
2912
2918
2917
2918
2918
2921
2920
2923
2922
2924
2924
2925
2925
2926
2926
2928
2928
2930
2928
2930
2931
2930
2932
2935
2935
2936
2939
2936
2941
2936
2943
2937
2944
2946
2945
2950
2948
2950
2949
2952
2949
2955
2951
2957
2953
2957
2957
2959
2961
2962
2962
2963
2966
2969
2967
2972
2969
2973
2969
2973
2970
2974
2970
2974
2979
2975
2979
2975
2980
2976
2981
2989
2981
2991
2985
2994
2988
2996
2991
2996
2991
2996
2992
2996
3000
2997
3004
2999
3006
3008
3006
3010
3006
3012
3008
3015
3012
3018
3014
3020
3014
3023
3015
3023
3016
3024
3020
3024
3021
3026
3023
3027
3028
3028
3028
3028
3032
3029
3032
3032
3038
3032
3040
3033
3041
3036
3042
3039
3045
3040
3049
3042
3052
3044
3058
3057
3064
3059
3066
3061
3067
3061
3072
3061
3072
3062
3073
3065
3075
3072
3075
3072
3076
3075
3078
3076
3079
3079
3080
3082
3080
3083
3082
3083
3082
3084
3082
3086
3082
3086
3084
3087
3084
3089
3089
3096
3091
3099
3094
3100
3098
3100
3099
3100
3104
3100
3104
3101
3104
3103
3104
3103
3107
3105
3110
3106
3111
3109
3114
3113
3116
3113
3120
3119
3121
3120
3122
3121
3122
3122
3123
3123
3125
3123
3125
3123
3127
3127
3133
3131
3133
3133
3134
3135
3134
3137
3138
3146
3138
3147
3140
3149
3141
3150
3142
3152
3147
3159
3152
3161
3152
3162
3157
3164
3158
3165
3166
3166
3168
3169
3170
3169
3171
3181
3172
3183
3174
3188
3175
3193
3178
3194
3179
3195
3181
3196
3184
3197
3192
3197
3196
3199
3196
3199
3197
3202
3201
3204
3203
3208
3205
3210
3208
3213
3208
3213
3212
3215
3214
3215
3214
3217
3217
3219
3218
3222
3218
3223
3222
3228
3224
3231
3224
3235
3226
3236
3227
3237
3232
3238
3232
3241
3237
3241
3238
3242
3240
3244
3242
3245
3248
3248
3250
3248
3251
3250
3251
3252
3259
3254
3265
3262
3267
3264
3268
3271
3271
3271
3271
3272
3274
3274
3275
3276
3276
3276
3279
3276
3283
3277
3287
3278
3287
3283
3288
3285
3291
3288
3293
3291
3294
3293
3297
3298
3303
3300
3303
3300
3309
3300
3310
3301
3311
3302
3312
3303
3316
3303
3320
3305
3321
3307
3322
3317
3323
3320
3327
3320
3329
3323
3330
3331
3330
3332
3332
3334
3338
3335
3338
3337
3340
3337
3344
3338
3344
3341
3346
3345
3346
3346
3348
3347
3348
3348
3349
3351
3350
3351
3352
3352
3354
3352
3357
3354
3358
3355
3362
3355
3370
3356
3371
3359
3376
3362
3376
3370
3377
3372
3379
3372
3379
3379
3382
3379
3382
3382
3385
3383
3389
3386
3392
3394
3397
3396
3397
3398
3399
3399
3399
3401
3405
3403
3405
3405
3409
3409
3410
3411
3411
3414
3414
3416
3416
3417
3418
3419
3419
3420
3426
3422
3429
3423
3431
3425
3432
3426
3432
3430
3432
3431
3434
3431
3438
3434
3439
3434
3439
3436
3440
3440
3440
3441
3441
3446
3443
3446
3447
3451
3448
3451
3451
3452
3451
3455
3451
3455
3451
3457
3452
3457
3455
3459
3458
3460
3460
3461
3462
3465
3463
3466
3465
3467
3466
3468
3469
3468
3472
3469
3472
3477
3474
3482
3479
3484
3479
3484
3479
3485
3480
3487
3484
3487
3484
3488
3492
3488
3492
3490
3493
3492
3495
3493
3497
3495
3498
3496
3499
3496
3500
3497
3500
3500
3500
3501
3500
3505
3500
3507
3505
3508
3508
3508
3510
3508
3511
3510
3513
3510
3516
3514
3518
3518
3519
3525
3519
3529
3520
3529
3524
3529
3528
3530
3531
3533
3531
3534
3532
3535
3532
3535
3534
3539
3535
3541
3535
3542
3538
3545
3540
3548
3541
3550
3541
3552
3542
3554
3546
3554
3547
3554
3554
3554
3555
3557
3557
3561
3559
3562
3560
3565
3566
3566
3568
3572
3569
3573
3569
3576
3570
3578
3574
3580
3576
3580
3577
3582
3578
3582
3582
3583
3588
3587
3591
3589
3593
3593
3594
3593
3595
3594
3596
3594
3602
3595
3606
3598
3607
3601
3607
3604
3608
3608
3610
3609
3611
3611
3614
3612
3616
3612
3616
3614
3618
3615
3618
3615
3619
3621
3624
3621
3626
3623
3628
3624
3629
3625
3634
3627
3635
3632
3637
3634
3637
3637
3641
3642
3643
3645
3646
3645
3647
3648
3650
3650
3653
3652
3657
3657
3657
3657
3658
3661
3662
3663
3662
3664
3663
3664
3664
3665
3666
3665
3667
3669
3669
3672
3672
3682
3674
3685
3676
3685
3681
3686
3685
3688
3687
3689
3691
3689
3694
3692
3695
3693
3697
3693
3698
3696
3698
3696
3699
3696
3708
3699
3710
3699
3711
3700
3714
3706
3715
3710
3717
3710
3731
3711
3732
3712
3732
3717
3735
3722
3736
3722
3736
3727
3739
3730
3741
3733
3741
3736
3743
3739
3744
3741
3745
3745
3746
3746
3751
3750
3751
3755
3753
3755
3755
3756
3757
3757
3758
3758
3760
3764
3761
3768
3761
3768
3762
3769
3763
3769
3765
3770
3773
3771
3774
3776
3774
3778
3778
3780
3779
3784
3779
3785
3780
3786
3781
3786
3785
3787
3792
3787
3794
3789
3797
3789
3798
3791
3798
3791
3803
3793
3804
3794
3804
3796
3804
3805
3808
3810
3809
3812
3815
3812
3816
3814
3822
3820
3822
3820
3826
3821
3826
3826
3827
3827
3829
3828
3830
3830
3831
3831
3831
3832
3832
3838
3834
3839
3835
3841
3835
3841
3838
3841
3841
3842
3841
3843
3845
3845
3845
3847
3846
3853
3848
3854
3848
3855
3850
3855
3851
3855
3852
3856
3853
3856
3858
3856
3861
3860
3862
3862
3863
3863
3863
3863
3865
3867
3866
3868
3866
3873
3867
3873
3869
3877
3871
3877
3872
3878
3876
3878
3877
3881
3878
3881
3879
3882
3880
3888
3883
3889
3886
3889
3887
3889
3890
3891
3892
3894
3895
3895
3898
3903
3901
3911
3901
3911
3902
3915
3907
3915
3908
3916
3911
3918
3912
3918
3914
3918
3915
3925
3916
3926
3917
3927
3918
3928
3924
3928
3935
3929
3935
3932
3935
3933
3937
3935
3939
3937
3940
3938
3942
3941
3944
3942
3944
3942
3947
3943
3948
3948
3948
3948
3950
3950
3952
3953
3958
3959
3958
3959
3960
3964
3962
3968
3968
3969
3969
3969
3969
3971
3970
3972
3971
3974
3971
3975
3976
3976
3978
3980
3978
3982
3982
3983
3988
3984
3989
3989
3989
3991
3989
3992
3989
3992
3992
3999
3996
4002
3998
4002
4003
4012
4003
4013
4008
4014
4009
4014
4010
4015
4012
4016
4013
4018
4017
4018
4017
4022
4017
4022
4019
4024
4021
4024
4021
4025
4024
4026
4027
4027
4029
4029
4029
4030
4030
4032
4033
4033
4034
4035
4038
4036
4038
4036
4039
4038
4042
4045
4043
4046
4046
4046
4046
4046
4047
4049
4051
4052
4055
4052
4056
4058
4058
4058
4060
4059
4060
4064
4062
4070
4062
4071
4062
4071
4063
4073
4067
4074
4075
4075
4077
4083
4079
4084
4080
4085
4082
4086
4086
4087
4091
4087
4093
4087
4095
4088
4095
4092
4096
4093
4098
4094
4102
4099
4103
4100
4104
4103
4106
4105
4106
4106
4111
4107
4117
4117
4117
4117
4118
4118
4124
4119
4125
4122
4126
4123
4128
4125
4129
4128
4132
4131
4133
4133
4133
4134
4133
4135
4136
4135
4138
4138
4144
4139
4147
4149
4149
4150
4149
4150
4150
4151
4152
4151
4152
4154
4154
4157
4155
4157
4156
4157
4157
4166
4162
4166
4164
4169
4174
4169
4175
4170
4176
4171
4179
4171
4179
4172
4179
4175
4179
4177
4180
4178
4180
4180
4181
4181
4183
4181
4183
4183
4184
4183
4186
4183
4188
4184
4189
4185
4189
4186
4191
4189
4193
4192
4193
4193
4196
4194
4197
4197
4198
4199
4201
4202
4203
4203
4204
4205
4204
4206
4205
4208
4206
4209
4215
4211
4215
4212
4216
4216
4218
4218
4221
4220
4230
4222
4232
4224
4234
4226
4234
4226
4235
4227
4235
4231
4235
4233
4237
4235
4238
4236
4242
4240
4244
4241
4247
4242
4250
4243
4251
4243
4252
4244
4252
4250
4253
4251
4253
4252
4254
4255
4255
4259
4258
4259
4262
4259
4262
4260
4263
4262
4263
4265
4266
4268
4276
4269
4279
4270
4281
4272
4283
4275
4284
4280
4284
4281
4284
4282
4285
4283
4293
4285
4294
4287
4297
4289
4297
4291
4298
4293
4298
4298
4298
4301
4300
4303
4301
4303
4301
4306
4301
4307
4304
4308
4305
4313
4306
4314
4309
4314
4310
4315
4313
4318
4321
4320
4322
4320
4322
4321
4325
4324
4328
4325
4328
4325
4330
4334
4335
4335
4337
4336
4338
4343
4346
4345
4346
4346
4347
4347
4348
4347
4352
4348
4354
4350
4357
4352
4359
4355
4360
4357
4362
4357
4362
4357
4362
4357
4363
4358
4363
4360
4364
4361
4364
4365
4369
4366
4380
4367
4381
4367
4381
4376
4382
4378
4382
4385
4382
4387
4383
4387
4385
4387
4386
4388
4389
4388
4389
4389
4390
4391
4391
4392
4391
4395
4392
4396
4397
4399
4397
4402
4397
4403
4403
4403
4404
4404
4406
4405
4409
4405
4410
4406
4410
4408
4410
4409
4414
4411
4418
4416
4422
4418
4424
4418
4426
4422
4431
4424
4431
4427
4433
4428
4435
4429
4439
4431
4440
4437
4440
4439
4441
4440
4441
4443
4442
4447
4445
4447
4446
4449
4446
4453
4449
4455
4453
4456
4453
4457
4456
4458
4456
4458
4458
4459
4459
4460
4461
4461
4462
4463
4463
4465
4465
4465
4467
4465
4467
4466
4467
4469
4468
4470
4476
4473
4476
4477
4478
4477
4482
4483
4482
4486
4483
4489
4484
4490
4485
4495
4488
4496
4489
4500
4489
4502
4491
4504
4494
4504
4495
4505
4503
4506
4513
4506
4514
4507
4517
4507
4518
4516
4521
4517
4523
4520
4528
4522
4531
4527
4531
4535
4532
4536
4534
4537
4535
4538
4535
4538
4538
4538
4540
4545
4540
4547
4542
4548
4543
4549
4543
4550
4543
4553
4550
4553
4552
4556
4553
4556
4554
4557
4555
4559
4556
4560
4559
4561
4559
4561
4559
4563
4561
4563
4564
4564
4568
4564
4570
4565
4571
4565
4574
4567
4578
4568
4583
4570
4583
4576
4584
4578
4586
4579
4587
4583
4589
4584
4592
4588
4595
4590
4595
4590
4595
4594
4598
4595
4600
4596
4602
4596
4608
4596
4610
4604
4610
4604
4611
4605
4612
4608
4615
4610
4615
4610
4615
4612
4616
4614
4616
4617
4618
4619
4619
4622
4620
4622
4620
4624
4623
4625
4627
4625
4633
4625
4633
4628
4636
4628
4637
4633
4637
4637
4641
4637
4644
4638
4646
4641
4648
4645
4650
4646
4652
4649
4653
4653
4654
4654
4655
4655
4658
4658
4659
4660
4661
4661
4669
4665
4672
4666
4672
4666
4672
4673
4674
4679
4676
4681
4677
4682
4681
4683
4682
4683
4684
4683
4689
4685
4690
4686
4690
4690
4694
4691
4697
4692
4697
4696
4698
4697
4700
4698
4700
4701
4700
4702
4704
4704
4707
4704
4709
4706
4711
4710
4713
4712
4714
4714
4716
4717
4720
4719
4721
4722
4721
4728
4722
4729
4722
4730
4726
4733
4727
4733
4730
4735
4731
4735
4733
4735
4734
4738
4737
4740
4739
4740
4742
4743
4745
4750
4747
4751
4749
4756
4750
4756
4751
4758
4757
4760
4758
4764
4760
4766
4769
4768
4774
4770
4776
4778
4780
4780
4780
4780
4780
4781
4780
4784
4783
4786
4784
4789
4786
4790
4791
4791
4791
4791
4796
4796
4796
4797
4799
4798
4800
4807
4803
4810
4805
4811
4807
4815
4807
4815
4810
4818
4813
4818
4813
4820
4816
4820
4817
4821
4825
4822
4825
4823
4826
4823
4828
4825
4829
4826
4832
4834
4832
4836
4834
4840
4838
4849
4839
4853
4839
4854
4845
4856
4846
4858
4847
4865
4852
4868
4858
4870
4859
4872
4863
4872
4871
4873
4876
4873
4878
4877
4882
4879
4883
4883
4884
4883
4887
4883
4888
4885
4888
4885
4890
4888
4893
4890
4893
4891
4894
4896
4895
4897
4898
4897
4898
4899
4902
4899
4902
4906
4905
4907
4905
4909
4912
4909
4914
4911
4918
4914
4920
4917
4920
4918
4920
4920
4925
4923
4927
4923
4929
4923
4931
4924
4932
4926
4933
4926
4935
4928
4935
4929
4941
4929
4941
4934
4941
4936
4943
4936
4944
4942
4946
4942
4951
4945
4953
4948
4953
4954
4956
4954
4957
4955
4961
4957
4961
4959
4961
4960
4962
4963
4964
4964
4967
4968
4979
4969
4979
4969
4980
4972
4981
4974
4983
4975
4983
4976
4983
4980
4984
4981
4989
4988
4989
4991
4991
4992
4991
4993
4992
4994
4996
4995
4997
4997
4997
4999
5000
5001
5001
5002
5003
5002
5012
5007
5014
5009
5015
5014
5015
5016
5017
5017
5017
5018
5020
5021
5020
5022
5023
5023
5024
5027
5024
5028
5025
5032
5028
5035
5032
5035
5032
5036
5034
5039
5039
5042
5047
5043
5048
5043
5048
5043
5049
5045
5053
5050
5060
5050
5062
5055
5064
5060
5065
5061
5066
5063
5066
5063
5068
5063
5074
5063
5076
5065
5076
5065
5077
5069
5077
5072
5078
5075
5078
5082
5079
5085
5081
5088
5083
5089
5086
5091
5088
5091
5088
5092
5092
5092
5094
5093
5095
5096
5095
5098
5095
5100
5097
5104
5098
5105
5104
5105
5108
5106
5108
5107
5109
5110
5109
5111
5110
5111
5110
5114
5111
5114
5115
5115
5116
5120
5119
5122
5120
5124
5121
5127
5123
5129
5125
5134
5131
5136
5133
5137
5134
5138
5135
5138
5136
5139
5137
5141
5138
5145
5139
5145
5139
5149
5146
5150
5150
5151
5151
5152
5152
5152
5157
5152
5158
5154
5159
5158
5166
5160
5166
5161
5167
5161
5170
5170
5172
5173
5173
5174
5174
5176
5177
5178
5178
5178
5180
5181
5181
5181
5182
5184
5186
5184
5186
5184
5188
5185
5191
5186
5193
5194
5194
5195
5194
5197
5196
5198
5197
5202
5199
5203
5199
5203
5200
5204
5204
5206
5204
5207
5205
5208
5205
5210
5206
5211
5209
5213
5209
5214
5210
5215
5214
5215
5218
5216
5219
5216
5221
5216
5221
5216
5221
5217
5226
5228
5237
5241
5239
5246
5244
5248
5245
5248
5250
5250
5251
5251
5252
5251
5255
5254
5257
5256
5260
5266
5262
5266
5264
5267
5268
5269
5274
5271
5275
5278
5275
5282
5279
5284
5284
5287
5285
5288
5286
5288
5288
5290
5289
5291
5291
5292
5292
5292
5293
5293
5293
5294
5294
5299
5298
5299
5299
5300
5305
5311
5308
5313
5309
5316
5310
5316
5313
5318
5313
5318
5314
5321
5318
5321
5319
5322
5320
5324
5320
5326
5322
5326
5322
5328
5323
5328
5323
5329
5331
5332
5331
5333
5332
5333
5335
5337
5337
5339
5339
5341
5345
5342
5345
5343
5349
5344
5349
5344
5350
5346
5351
5347
5351
5350
5353
5351
5358
5351
5359
5360
5360
5360
5362
5364
5367
5369
5367
5369
5368
5371
5369
5372
5371
5380
5374
5380
5376
5380
5377
5380
5382
5381
5382
5381
5382
5383
5387
5384
5388
5387
5392
5388
5394
5398
5395
5400
5397
5402
5400
5404
5403
5404
5405
5404
5406
5407
5407
5409
5408
5413
5411
5415
5412
5415
5417
5420
5418
5421
5419
5422
5420
5422
5422
5423
5425
5426
5427
5430
5427
5431
5427
5433
5429
5435
5431
5437
5432
5437
5435
5438
5436
5441
5438
5441
5438
5442
5439
5444
5445
5445
5447
5447
5447
5448
5447
5451
5448
5452
5449
5452
5449
5452
5451
5453
5452
5454
5454
5458
5457
5459
5461
5459
5462
5459
5463
5460
5466
5462
5467
5462
5467
5464
5467
5464
5469
5464
5472
5466
5472
5467
5473
5470
5474
5477
5475
5482
5476
5485
5479
5486
5486
5486
5487
5488
5488
5492
5489
5493
5492
5495
5493
5495
5495
5499
5496
5502
5496
5503
5497
5504
5507
5504
5507
5510
5508
5511
5510
5512
5511
5513
5514
5516
5515
5523
5519
5524
5524
5524
5525
5525
5529
5525
5529
5527
5531
5532
5531
5532
5533
5535
5533
5538
5535
5538
5537
5542
5539
5545
5545
5547
5550
5547
5551
5549
5552
5551
5552
5551
5554
5551
5556
5558
5557
5559
5557
5561
5558
5562
5559
5563
5561
5565
5563
5569
5564
5572
5564
5578
5565
5578
5566
5580
5571
5580
5571
5581
5572
5583
5574
5583
5575
5585
5578
5586
5580
5588
5582
5589
5586
5592
5587
5593
5589
5593
5591
5593
5595
5595
5599
5601
5601
5602
5604
5606
5606
5608
5607
5608
5608
5611
5610
5612
5612
5613
5616
5618
5619
5622
5622
5623
5622
5623
5623
5623
5624
5625
5625
5627
5627
5629
5627
5630
5629
5631
5631
5632
5632
5633
5633
5636
5635
5640
5636
5640
5638
5645
5644
5646
5647
5648
5650
5648
5651
5651
5651
5653
5652
5657
5652
5661
5656
5663
5659
5663
5660
5663
5661
5665
5664
5666
5665
5666
5666
5666
5667
5667
5668
5667
5669
5668
5670
5668
5670
5668
5670
5668
5670
5669
5671
5671
5676
5675
5676
5675
5679
5675
5680
5675
5681
5676
5681
5678
5682
5680
5684
5681
5684
5684
5685
5688
5685
5689
5689
5690
5689
5693
5690
5695
5693
5695
5695
5696
5696
5697
5697
5698
5698
5699
5699
5701
5701
5703
5702
5706
5707
5707
5711
5710
5712
5713
5713
5715
5715
5719
5717
5722
5720
5722
5721
5723
5721
5723
5721
5723
5721
5725
5724
5725
5731
5736
5732
5740
5733
5741
5742
5743
5745
5745
5746
5747
5747
5748
5750
5750
5752
5756
5753
5759
5753
5760
5761
5761
5762
5761
5765
5765
5767
5767
5769
5770
5775
5772
5775
5773
5776
5777
5779
5778
5781
5780
5784
5787
5784
5788
5784
5788
5789
5790
5791
5793
5791
5795
5792
5797
5793
5800
5794
5801
5797
5803
5801
5805
5801
5805
5803
5806
5803
5808
5804
5812
5804
5813
5806
5815
5808
5815
5812
5816
5814
5820
5818
5823
5819
5826
5820
5836
5829
5836
5836
5837
5838
5840
5839
5840
5839
5844
5842
5846
5846
5848
5851
5850
5853
5851
5854
5852
5856
5854
5856
5854
5858
5855
5861
5855
5861
5857
5862
5860
5862
5860
5866
5860
5867
5864
5868
5865
5869
5870
5875
5872
5875
5881
5881
5883
5884
5886
5887
5888
5891
5888
5891
5889
5896
5894
5897
5897
5897
5898
5899
5901
5902
5902
5906
5905
5907
5906
5909
5907
5909
5909
5912
5910
5914
5910
5914
5916
5918
5918
5919
5920
5920
5921
5921
5922
5923
5926
5925
5928
5926
5932
5936
5938
5939
5943
5946
5944
5948
5945
5952
5947
5957
5947
5960
5948
5960
5963
5960
5964
5960
5967
5964
5968
5966
5969
5970
5973
5973
5973
5975
5975
5975
5975
5976
5977
5976
5978
5980
5980
5981
5981
5981
5981
5981
5985
5982
5991
5982
5991
5987
5991
5995
5997
5995
6001
5995
6003
5997
6003
5998
6006
6001
6006
6001
6007
6003
6008
6008
6009
6010
6009
6010
6010
6013
6015
6015
6016
6016
6020
6017
6021
6022
6023
6025
6026
6027
6026
6027
6027
6029
6028
6029
6028
6032
6033
6034
6034
6036
6040
6037
6040
6043
6043
6043
6043
6048
6045
6051
6049
6052
6051
6053
6053
6053
6054
6054
6057
6059
6058
6059
6058
6066
6060
6066
6062
6069
6064
6070
6067
6070
6069
6071
6073
6071
6080
6074
6081
6075
6082
6075
6084
6078
6084
6081
6088
6084
6089
6087
6090
6088
6090
6088
6093
6089
6098
6094
6098
6098
6098
6100
6100
6100
6101
6101
6106
6104
6110
6110
6111
6111
6111
6111
6112
6112
6113
6114
6117
6115
6118
6118
6120
6120
6123
6124
6123
6124
6127
6125
6129
6125
6134
6126
6137
6129
6137
6132
6143
6135
6144
6136
6145
6143
6149
6144
6150
6145
6153
6157
6157
6158
6158
6163
6160
6164
6163
6165
6165
6166
6166
6166
6167
6168
6168
6168
6168
6170
6168
6172
6170
6173
6174
6173
6175
6175
6175
6176
6176
6176
6177
6178
6179
6178
6179
6181
6180
6184
6181
6184
6182
6185
6184
6185
6184
6186
6189
6186
6189
6187
6190
6193
6192
6193
6196
6196
6196
6196
6198
6197
6200
6201
6206
6202
6208
6202
6209
6203
6211
6204
6211
6204
6212
6205
6219
6213
6219
6215
6226
6216
6231
6220
6236
6231
6238
6236
6238
6236
6239
6238
6246
6239
6249
6240
6249
6245
6252
6249
6252
6252
6254
6253
6254
6255
6255
6255
6257
6255
6259
6256
6260
6256
6261
6260
6261
6268
6261
6269
6262
6270
6262
6272
6264
6272
6267
6275
6268
6275
6268
6282
6273
6282
6275
6283
6276
6283
6277
6291
6278
6292
6287
6297
6288
6297
6289
6301
6295
6302
6297
6302
6297
6303
6299
6308
6304
6308
6305
6313
6306
6317
6309
6322
6313
6323
6314
6324
6314
6326
6319
6328
6325
6332
6328
6332
6329
6333
6331
6335
6332
6337
6338
6339
6338
6340
6341
6340
6343
6343
6346
6344
6349
6344
6352
6344
6355
6347
6356
6350
6357
6350
6359
6355
6360
6356
6361
6369
6367
6376
6368
6377
6369
6377
6374
6378
6378
6380
6380
6383
6386
6387
6386
6388
6389
6388
6389
6391
6390
6393
6390
6396
6392
6396
6396
6397
6400
6397
6401
6398
6403
6399
6403
6400
6405
6402
6406
6408
6407
6408
6407
6413
6408
6413
6412
6417
6414
6419
6414
6420
6414
6420
6416
6420
6419
6422
6420
6423
6423
6429
6424
6430
6424
6431
6428
6432
6431
6432
6434
6433
6434
6434
6434
6436
6435
6436
6436
6441
6439
6441
6441
6447
6443
6449
6444
6451
6447
6452
6451
6455
6454
6455
6458
6455
6461
6458
6463
6459
6464
6459
6468
6463
6470
6464
6471
6464
6474
6467
6474
6470
6475
6471
6477
6472
6480
6473
6483
6473
6485
6473
6486
6474
6494
6480
6495
6485
6496
6489
6496
6490
6499
6491
6499
6499
6500
6500
6500
6501
6501
6501
6502
6504
6506
6508
6506
6510
6509
6517
6511
6517
6512
6521
6512
6522
6515
6527
6517
6528
6518
6530
6519
6530
6519
6534
6530
6536
6535
6537
6535
6540
6536
6541
6537
6543
6538
6543
6539
6544
6540
6549
6540
6549
6542
6549
6544
6549
6546
6551
6554
6555
6555
6558
6557
6559
6557
6559
6562
6561
6565
6565
6568
6565
6570
6569
6572
6570
6575
6576
6579
6577
6583
6581
6584
6581
6585
6581
6586
6584
6586
6586
6586
6590
6588
6591
6588
6596
6595
6597
6599
6600
6600
6601
6603
6603
6604
6604
6612
6608
6616
6611
6617
6612
6617
6613
6619
6617
6620
6623
6621
6627
6622
6628
6622
6628
6624
6630
6625
6631
6632
6634
6633
6634
6634
6636
6638
6638
6640
6641
6644
6642
6644
6644
6645
6644
6648
6644
6648
6651
6653
6654
6654
6657
6658
6660
6659
6661
6664
6664
6666
6665
6666
6666
6667
6667
6667
6675
6671
6679
6677
6686
6689
6689
6690
6690
6692
6691
6696
6691
6696
6693
6702
6697
6703
6698
6704
6703
6704
6705
6705
6706
6705
6707
6706
6707
6707
6708
6708
6709
6710
6713
6712
6713
6715
6713
6717
6715
6718
6716
6719
6716
6721
6718
6721
6720
6721
6720
6721
6722
6722
6723
6723
6723
6724
6728
6726
6732
6727
6732
6728
6734
6730
6737
6731
6740
6732
6741
6732
6742
6735
6742
6738
6744
6741
6746
6743
6748
6746
6751
6746
6752
6749
6753
6753
6753
6757
6757
6758
6757
6759
6762
6762
6762
6765
6763
6769
6763
6774
6775
6782
6779
6783
6779
6785
6780
6790
6780
6794
6784
6798
6787
6798
6789
6799
6790
6801
6795
6803
6798
6805
6799
6806
6804
6810
6806
6810
6808
6812
6809
6815
6814
6816
6815
6818
6817
6829
6818
6831
6818
6831
6822
6836
6831
6837
6836
6837
6836
6839
6836
6839
6837
6840
6841
6843
6841
6844
6843
6846
6844
6846
6845
6848
6846
6849
6847
6850
6848
6851
6849
6852
6851
6855
6854
6857
6859
6858
6860
6860
6870
6862
6873
6862
6874
6863
6875
6866
6875
6872
6877
6875
6878
6875
6878
6876
6880
6878
6880
6878
6880
6879
6881
6880
6883
6880
6886
6883
6886
6886
6886
6886
6890
6886
6894
6887
6897
6889
6897
6890
6897
6890
6904
6896
6905
6896
6905
6905
6907
6906
6907
6908
6910
6908
6910
6909
6911
6910
6911
6914
6917
6915
6918
6919
6919
6921
6921
6924
6928
6924
6928
6930
6929
6932
6931
6938
6932
6938
6933
6941
6939
6942
6940
6943
6941
6943
6944
6944
6947
6947
6948
6948
6954
6951
6954
6954
6955
6956
6961
6957
6962
6961
6962
6965
6969
6966
6970
6967
6970
6969
6972
6974
6973
6975
6976
6978
6983
6978
6985
6979
6989
6983
6992
6987
6993
6987
6994
7001
6997
7004
7003
7008
7003
7011
7004
7012
7006
7013
7008
7019
7019
7019
7019
7020
7023
7023
7027
7023
7029
7026
7031
7026
7032
7029
7036
7034
7037
7034
7037
7034
7038
7038
7042
7039
7044
7042
7051
7044
7053
7046
7055
7050
7055
7051
7058
7053
7058
7054
7061
7061
7065
7062
7065
7064
7065
7064
7067
7064
7068
7070
7068
7071
7069
7071
7073
7076
7074
7076
7077
7080
7079
7080
7081
7082
7081
7082
7082
7083
7085
7084
7086
7087
7086
7087
7087
7090
7087
7090
7089
7092
7092
7094
7096
7097
7098
7101
7102
7103
7103
7105
7106
7105
7108
7106
7112
7106
7113
7107
7116
7107
7117
7108
7121
7114
7122
7115
7123
7118
7123
7121
7124
7124
7129
7127
7133
7132
7133
7134
7137
7139
7137
7141
7141
7141
7147
7142
7150
7143
7150
7145
7152
7147
7154
7147
7155
7147
7157
7152
7158
7154
7160
7154
7161
7156
7163
7164
7165
7164
7165
7165
7167
7169
7173
7169
7175
7169
7175
7173
7176
7177
7177
7177
7178
7179
7179
7184
7181
7185
7182
7185
7185
7186
7186
7188
7189
7189
7192
7191
7193
7192
7195
7196
7195
7196
7197
7199
7198
7200
7199
7200
7201
7201
7203
7206
7203
7207
7204
7208
7206
7208
7210
7210
7210
7211
7212
7213
7214
7216
7218
7219
7218
7219
7219
7222
7220
7223
7222
7225
7226
7228
7227
7230
7227
7231
7229
7234
7232
7238
7234
7239
7236
7239
7243
7242
7244
7242
7250
7245
7252
7247
7255
7250
7255
7257
7257
7265
7259
7266
7266
7267
7269
7269
7276
7272
7276
7278
7278
7278
7279
7280
7279
7281
7281
7282
7281
7283
7282
7283
7285
7287
7288
7288
7296
7289
7299
7289
7299
7290
7299
7292
7303
7298
7304
7301
7309
7302
7310
7309
7310
7313
7311
7314
7313
7316
7314
7316
7321
7316
7323
7317
7323
7317
7323
7320
7324
7323
7324
7323
7325
7324
7325
7332
7327
7336
7329
7339
7330
7346
7332
7347
7337
7347
7339
7349
7344
7351
7344
7354
7349
7358
7352
7363
7353
7364
7356
7366
7358
7366
7359
7368
7364
7369
7366
7369
7373
7372
7376
7373
7379
7374
7380
7374
7381
7379
7385
7381
7386
7384
7386
7386
7387
7386
7390
7386
7390
7389
7392
7389
7392
7391
7392
7393
7394
7393
7398
7397
7398
7398
7401
7398
7405
7400
7406
7405
7407
7407
7407
7408
7411
7408
7411
7410
7413
7411
7417
7412
7419
7414
7419
7419
7419
7421
7420
7421
7421
7423
7422
7423
7424
7425
7426
7427
7427
7428
7429
7430
7429
7433
7440
7438
7442
7444
7449
7446
7450
7451
7452
7453
7452
7454
7462
7455
7463
7456
7464
7456
7465
7459
7466
7459
7472
7463
7472
7468
7473
7470
7474
7471
7475
7471
7476
7474
7476
7476
7477
7477
7480
7478
7480
7479
7481
7480
7481
7486
7483
7486
7483
7495
7490
7495
7495
7497
7496
7497
7496
7499
7497
7502
7499
7504
7502
7507
7504
7510
7504
7510
7505
7511
7507
7511
7507
7513
7508
7518
7513
7519
7515
7521
7523
7522
7527
7523
7535
7527
7537
7530
7537
7530
7539
7534
7539
7534
7542
7540
7543
7540
7543
7541
7544
7544
7545
7545
7545
7545
7547
7546
7547
7549
7549
7550
7550
7552
7553
7553
7555
7555
7558
7557
7558
7559
7559
7565
7562
7568
7568
7570
7570
7572
7570
7574
7571
7579
7575
7581
7584
7582
7587
7583
7587
7584
7588
7586
7589
7589
7592
7592
7592
7596
7593
7597
7596
7600
7597
7600
7599
7603
7605
7603
7608
7605
7609
7605
7610
7607
7610
7611
7611
7612
7612
7616
7613
7618
7618
7618
7622
7618
7622
7619
7624
7620
7624
7625
7625
7626
7627
7627
7628
7630
7628
7634
7628
7635
7629
7640
7629
7642
7637
7642
7638
7643
7642
7646
7644
7646
7645
7649
7646
7649
7649
7652
7650
7653
7652
7654
7653
7654
7655
7658
7658
7658
7660
7660
7661
7661
7661
7666
7662
7670
7663
7670
7663
7673
7667
7674
7671
7675
7672
7675
7674
7676
7678
7679
7680
7680
7681
7681
7682
7682
7683
7683
7684
7684
7687
7686
7688
7686
7688
7688
7691
7688
7692
7688
7692
7691
7697
7692
7699
7703
7701
7704
7703
7709
7707
7710
7709
7713
7713
7714
7713
7715
7714
7715
7714
7720
7721
7724
7726
7724
7730
7726
7731
7726
7732
7727
7732
7734
7734
7737
7735
7738
7735
7739
7735
7740
7737
7742
7739
7744
7740
7746
7740
7746
7740
7746
7743
7747
7744
7747
7745
7747
7746
7748
7748
7756
7749
7757
7751
7757
7751
7760
7752
7761
7753
7764
7753
7766
7756
7768
7757
7769
7761
7770
7761
7770
7761
7776
7764
7778
7764
7779
7771
7780
7776
7781
7776
7782
7776
7788
7778
7788
7786
7790
7787
7791
7788
7794
7789
7794
7791
7799
7792
7800
7795
7801
7795
7801
7796
7802
7797
7802
7799
7804
7801
7805
7805
7807
7814
7810
7815
7813
7816
7816
7818
7817
7819
7821
7821
7822
7821
7822
7825
7824
7825
7824
7825
7824
7830
7827
7831
7828
7832
7829
7832
7830
7832
7832
7833
7832
7834
7835
7836
7835
7836
7835
7839
7835
7839
7836
7840
7840
7840
7847
7843
7847
7843
7848
7843
7848
7846
7853
7846
7854
7848
7854
7849
7854
7850
7855
7851
7861
7853
7864
7859
7869
7867
7870
7876
7870
7876
7871
7880
7877
7880
7879
7881
7882
7885
7883
7886
7888
7887
7889
7887
7891
7887
7892
7889
7892
7891
7898
7894
7898
7898
7899
7901
7900
7903
7900
7906
7900
7906
7903
7908
7904
7909
7905
7910
7907
7911
7910
7912
7912
7915
7912
7919
7915
7921
7916
7923
7917
7923
7917
7924
7919
7931
7920
7933
7927
7934
7928
7934
7932
7935
7932
7939
7933
7942
7935
7944
7936
7945
7937
7946
7941
7949
7947
7950
7951
7954
7954
7956
7959
7958
7965
7958
7967
7958
7969
7958
7969
7959
7972
7965
7972
7966
7975
7968
7975
7969
7976
7973
7977
7973
7978
7977
7979
7978
7980
7978
7981
7980
7984
7980
7984
7981
7985
7983
7987
7983
7989
7986
7991
7991
7993
7996
7994
7999
7994
8000
7998
8001
7999
8007
8000
8009
8001
8010
8004
8010
8006
8010
8009
8014
8012
8016
8013
8017
8015
8018
8017
8019
8018
8020
8019
8021
8019
8023
8020
8024
8022
8028
8023
8033
8027
8033
8029
8034
8030
8034
8031
8035
8033
8038
8037
8038
8037
8039
8042
8042
8043
8050
8043
8051
8044
8052
8046
8053
8047
8056
8047
8057
8049
8058
8050
8058
8052
8060
8053
8060
8063
8063
8064
8066
8065
8068
8071
8073
8072
8075
8080
8078
8082
8081
8083
8083
8088
8084
8091
8085
8095
8089
8097
8089
8100
8095
8100
8105
8105
8106
8105
8111
8105
8112
8107
8113
8108
8113
8112
8114
8118
8115
8121
8115
8126
8119
8126
8120
8128
8125
8129
8127
8135
8128
8136
8129
8137
8131
8138
8133
8139
8134
8140
8143
8141
8147
8143
8149
8147
8151
8151
8159
8153
8161
8155
8161
8158
8162
8162
8163
8168
8164
8168
8167
8169
8168
8173
8169
8174
8170
8175
8172
8178
8176
8180
8182
8181
8183
8184
8185
8188
8185
8193
8188
8194
8188
8195
8190
8196
8193
8197
8195
8199
8197
8200
8198
8201
8200
8202
8200
8203
8204
8204
8205
8205
8208
8206
8208
8209
8211
8210
8214
8213
8215
8215
8221
8217
8225
8218
8225
8219
8232
8226
8232
8227
8234
8230
8234
8231
8234
8232
8238
8237
8238
8237
8239
8237
8239
8242
8239
8246
8240
8249
8244
8249
8247
8250
8248
8250
8249
8255
8249
8255
8251
8255
8253
8256
8254
8256
8257
8260
8263
8262
8272
8263
8272
8265
8274
8267
8274
8269
8275
8269
8276
8273
8277
8275
8281
8278
8281
8285
8282
8286
8282
8288
8282
8288
8285
8291
8286
8296
8287
8297
8288
8297
8289
8298
8291
8302
8293
8306
8300
8306
8305
8306
8305
8307
8306
8309
8308
8309
8309
8310
8311
8311
8311
8311
8312
8313
8316
8315
8317
8316
8318
8316
8318
8318
8321
8320
8323
8327
8326
8328
8331
8328
8332
8329
8333
8333
8337
8335
8339
8344
8342
8345
8344
8346
8350
8352
8351
8353
8356
8353
8360
8355
8361
8363
8364
8363
8364
8363
8367
8364
8370
8365
8378
8367
8379
8370
8380
8371
8385
8376
8387
8377
8389
8379
8391
8390
8393
8393
8394
8393
8394
8395
8395
8396
8395
8396
8399
8399
8400
8403
8401
8403
8403
8406
8412
8406
8413
8411
8414
8413
8414
8414
8416
8415
8420
8416
8424
8419
8424
8421
8425
8422
8427
8425
8429
8433
8430
8433
8431
8434
8431
8434
8432
8436
8436
8437
8437
8439
8440
8440
8442
8443
8443
8445
8443
8449
8444
8452
8445
8454
8446
8458
8448
8461
8453
8461
8453
8461
8454
8462
8465
8463
8466
8463
8467
8467
8468
8472
8473
8473
8475
8478
8476
8479
8478
8482
8486
8482
8487
8483
8489
8484
8490
8485
8490
8491
8491
8498
8498
8500
8498
8501
8498
8505
8505
8505
8505
8505
8507
8506
8508
8507
8511
8510
8511
8511
8518
8514
8519
8515
8520
8515
8521
8517
8524
8520
8526
8521
8527
8522
8527
8526
8528
8526
8529
8528
8535
8529
8537
8530
8538
8534
8538
8535
8539
8536
8540
8537
8542
8537
8544
8544
8544
8546
8546
8547
8547
8554
8549
8554
8549
8555
8549
8557
8555
8560
8557
8563
8560
8564
8560
8565
8562
8567
8563
8571
8564
8571
8565
8573
8571
8579
8572
8579
8573
8579
8577
8580
8578
8582
8580
8588
8583
8589
8585
8589
8588
8591
8589
8591
8591
8592
8594
8593
8595
8594
8595
8595
8601
8597
8605
8597
8606
8598
8609
8601
8611
8604
8615
8605
8617
8609
8619
8609
8620
8613
8621
8614
8621
8615
8622
8615
8633
8619
8634
8623
8638
8629
8639
8631
8645
8632
8647
8633
8648
8637
8651
8638
8652
8639
8655
8640
8656
8644
8660
8644
8662
8646
8662
8648
8664
8657
8664
8667
8667
8667
8667
8668
8667
8669
8668
8670
8669
8682
8676
8682
8677
8684
8677
8687
8679
8687
8685
8690
8685
8691
8687
8692
8689
8692
8697
8692
8699
8695
8701
8700
8701
8703
8702
8705
8702
8709
8707
8710
8707
8713
8709
8714
8713
8715
8714
8717
8714
8718
8716
8723
8716
8725
8717
8726
8718
8726
8719
8727
8722
8728
8728
8728
8729
8728
8730
8728
8731
8733
8735
8734
8737
8735
8740
8736
8741
8737
8741
8738
8743
8739
8743
8741
8744
8744
8746
8745
8750
8747
8751
8750
8754
8752
8760
8758
8760
8766
8761
8768
8767
8769
8769
8769
8769
8772
8771
8774
8781
8780
8784
8780
8785
8781
8786
8782
8786
8783
8787
8784
8787
8787
8788
8788
8788
8789
8789
8789
8789
8793
8789
8794
8792
8797
8799
8799
8800
8802
8802
8803
8806
8804
8808
8806
8808
8810
8809
8811
8814
8812
8816
8814
8816
8814
8819
8815
8820
8816
8820
8820
8823
8820
8823
8822
8826
8824
8827
8826
8827
8828
8830
8834
8831
8834
8833
8834
8835
8834
8839
8836
8840
8845
8840
8846
8840
8848
8847
8849
8848
8853
8852
8854
8855
8854
8856
8859
8857
8862
8857
8863
8862
8865
8863
8866
8865
8868
8865
8868
8867
8869
8869
8871
8870
8872
8872
8873
8875
8873
8875
8874
8876
8879
8879
8879
8888
8881
8890
8885
8891
8888
8892
8889
8893
8891
8895
8900
8907
8904
8909
8906
8909
8906
8914
8908
8916
8908
8918
8908
8919
8911
8920
8912
8921
8913
8923
8915
8925
8917
8925
8919
8928
8921
8930
8923
8934
8924
8934
8926
8936
8929
8936
8931
8938
8934
8940
8936
8940
8937
8942
8946
8943
8947
8945
8949
8947
8951
8947
8951
8949
8953
8950
8954
8954
8956
8954
8961
8957
8962
8964
8963
8964
8964
8965
8965
8965
8966
8968
8966
8970
8971
8970
8972
8972
8972
8973
8972
8974
8980
8980
8980
8981
8980
8983
8981
8983
8981
8984
8982
8989
8985
8989
8988
8990
8988
8990
8988
8991
8990
8992
8991
8993
8992
8993
8999
9000
9000
9003
9002
9005
9002
9008
9003
9016
9005
9019
9007
9020
9009
9020
9010
9026
9013
9026
9015
9027
9015
9029
9018
9032
9018
9033
9019
9034
9020
9034
9022
9039
9032
9042
9034
9047
9037
9047
9037
9049
9039
9051
9041
9051
9044
9053
9053
9056
9053
9056
9054
9057
9058
9057
9060
9058
9061
9058
9063
9062
9065
9064
9071
9064
9073
9064
9073
9069
9074
9071
9074
9074
9076
9075
9076
9078
9077
9083
9078
9084
9081
9084
9081
9085
9085
9089
9086
9091
9092
9093
9093
9094
9095
9097
9095
9099
9096
9100
9098
9105
9098
9108
9102
9111
9103
9111
9104
9111
9105
9114
9110
9116
9113
9119
9114
9120
9119
9121
9121
9121
9122
9121
9123
9124
9125
9124
9127
9124
9131
9126
9135
9128
9141
9129
9143
9131
9143
9134
9143
9135
9144
9137
9146
9137
9146
9141
9148
9144
9150
9146
9150
9148
9150
9148
9155
9150
9156
9152
9156
9152
9157
9153
9157
9155
9160
9157
9163
9160
9163
9164
9164
9169
9164
9169
9167
9170
9168
9170
9169
9171
9170
9175
9171
9176
9175
9176
9177
9179
9180
9180
9182
9181
9183
9184
9185
9187
9185
9188
9185
9189
9187
9190
9190
9192
9190
9194
9191
9194
9192
9197
9201
9200
9204
9202
9208
9203
9209
9208
9210
9211
9210
9211
9213
9212
9213
9214
9215
9215
9216
9215
9218
9216
9223
9218
9225
9219
9226
9220
9227
9220
9227
9222
9228
9226
9230
9227
9232
9230
9234
9233
9235
9233
9240
9234
9240
9234
9241
9240
9241
9242
9244
9243
9247
9243
9248
9245
9248
9248
9249
9250
9251
9251
9252
9251
9254
9254
9257
9255
9258
9260
9259
9261
9261
9263
9263
9264
9263
9265
9267
9265
9267
9266
9268
9267
9269
9271
9273
9272
9275
9273
9276
9277
9276
9281
9280
9284
9286
9284
9287
9287
9288
9288
9289
9288
9297
9289
9298
9293
9298
9294
9299
9297
9299
9297
9301
9297
9301
9298
9301
9303
9301
9305
9301
9305
9303
9309
9305
9310
9307
9311
9309
9314
9309
9315
9310
9316
9316
9319
9321
9322
9322
9322
9324
9325
9324
9327
9330
9328
9332
9329
9335
9330
9336
9331
9337
9334
9338
9338
9339
9339
9340
9340
9341
9341
9341
9342
9343
9344
9344
9345
9345
9348
9346
9349
9350
9349
9351
9349
9352
9350
9356
9351
9357
9353
9358
9356
9359
9357
9367
9359
9370
9360
9372
9369
9373
9370
9374
9370
9376
9370
9377
9371
9379
9372
9384
9384
9389
9384
9389
9385
9390
9385
9390
9387
9394
9390
9395
9391
9402
9392
9403
9392
9403
9393
9404
9394
9406
9401
9414
9402
9414
9402
9416
9404
9417
9405
9418
9408
9426
9413
9428
9419
9434
9420
9435
9421
9436
9425
9439
9426
9443
9430
9445
9431
9447
9438
9448
9445
9448
9451
9450
9452
9452
9454
9454
9456
9454
9456
9454
9458
9454
9458
9459
9466
9466
9469
9466
9471
9472
9472
9473
9472
9474
9474
9475
9476
9475
9477
9476
9480
9478
9481
9478
9483
9479
9484
9482
9485
9483
9485
9483
9487
9486
9488
9486
9488
9489
9493
9489
9493
9491
9493
9491
9495
9492
9495
9493
9497
9499
9498
9499
9499
9502
9500
9502
9500
9509
9505
9510
9505
9511
9506
9512
9507
9516
9507
9519
9509
9520
9515
9521
9515
9521
9519
9523
9519
9524
9522
9528
9526
9531
9529
9535
9530
9537
9531
9538
9532
9538
9534
9539
9538
9542
9539
9542
9544
9543
9544
9545
9546
9548
9549
9549
9551
9550
9552
9551
9554
9557
9557
9557
9557
9558
9559
9558
9559
9560
9560
9565
9561
9566
9563
9567
9564
9568
9568
9572
9569
9574
9570
9576
9575
9577
9575
9578
9576
9579
9577
9579
9577
9581
9580
9581
9580
9582
9580
9583
9581
9585
9582
9586
9583
9586
9587
9587
9587
9587
9592
9588
9592
9590
9593
9591
9598
9592
9599
9598
9599
9598
9601
9601
9603
9602
9603
9602
9604
9604
9604
9610
9605
9610
9606
9611
9608
9613
9609
9616
9610
9617
9610
9622
9615
9623
9617
9625
9620
9625
9622
9628
9623
9631
9626
9633
9633
9634
9634
9635
9637
9636
9638
9642
9641
9642
9647
9644
9647
9644
9650
9645
9650
9645
9652
9650
9654
9654
9654
9657
9657
9658
9658
9660
9658
9661
9659
9665
9660
9668
9661
9668
9664
9672
9664
9677
9665
9678
9667
9680
9676
9681
9679
9681
9680
9682
9680
9683
9686
9684
9687
9685
9693
9693
9695
9694
9696
9696
9698
9696
9700
9698
9702
9699
9702
9699
9706
9701
9707
9701
9710
9702
9711
9707
9712
9711
9712
9717
9713
9718
9714
9719
9714
9720
9714
9721
9716
9721
9717
9724
9722
9726
9724
9730
9727
9730
9729
9732
9730
9732
9733
9735
9733
9736
9736
9742
9740
9744
9741
9744
9742
9745
9744
9751
9744
9752
9748
9753
9750
9754
9751
9754
9755
9757
9756
9762
9760
9763
9760
9764
9766
9764
9768
9766
9769
9766
9773
9771
9774
9772
9779
9772
9779
9773
9780
9776
9780
9776
9781
9781
9784
9781
9784
9783
9786
9784
9786
9793
9791
9796
9792
9797
9793
9798
9799
9801
9800
9802
9802
9804
9805
9804
9815
9805
9816
9805
9817
9805
9817
9806
9817
9807
9819
9815
9820
9817
9821
9822
9822
9825
9826
9825
9828
9827
9829
9827
9831
9832
9835
9834
9836
9834
9837
9835
9837
9835
9839
9836
9840
9837
9841
9840
9843
9841
9844
9843
9846
9843
9847
9845
9847
9849
9847
9851
9847
9852
9850
9853
9854
9854
9855
9860
9855
9860
9858
9862
9858
9871
9871
9872
9871
9873
9872
9874
9874
9875
9874
9875
9877
9875
9878
9880
9882
9881
9884
9884
9890
9885
9893
9886
9893
9887
9895
9890
9897
9891
9897
9894
9898
9896
9898
9898
9899
9899
9902
9899
9906
9900
9907
9905
9911
9908
9912
9909
9913
9913
9915
9916
9915
9916
9915
9919
9919
9920
9920
9925
9923
9925
9924
9925
9924
9926
9924
9927
9925
9929
9930
9930
9937
9931
9939
9938
9941
9942
9941
9943
9942
9944
9945
9945
9946
9947
9948
9950
9948
9951
9950
9951
9954
9956
9955
9956
9965
9959
9966
9964
9969
9969
9973
9969
9975
9974
9978
9974
9978
9975
9983
9976
9986
9982
9988
9985
9989
9985
9990
9991
9990
9994
9990
9995
9990
9995
9991
9995
9992
9998
9994
10000
9999
10000
9999
